{
  "seed": 17,
  "matrix_a": [
    [
      5,
      1,
      3,
      1
    ],
    [
      -3,
      0,
      -5,
      -8
    ],
    [
      -1,
      4,
      5,
      0
    ],
    [
      2,
      4,
      -4,
      -7
    ]
  ],
  "matrix_b": [
    [
      -4,
      -2,
      -4,
      -2
    ],
    [
      2,
      -5,
      -6,
      1
    ],
    [
      5,
      -6,
      7,
      -4
    ],
    [
      5,
      2,
      -8,
      5
    ]
  ],
  "expected_c": [
    [
      2,
      -31,
      -13,
      -16
    ],
    [
      -53,
      20,
      41,
      -14
    ],
    [
      37,
      -48,
      15,
      -14
    ],
    [
      -55,
      -14,
      -4,
      -19
    ]
  ],
  "memory_words": [
    16974085,
    4177199357,
    328959,
    4194042882,
    4277993212,
    33225474,
    4228381189,
    100139525
  ]
}
